6390
11001
11003
11010
11020
11021
11023
11024
11030
11040
11042
11050
11096
11501
11507
11509
11510
11514
11516
11518
11520
11530
11542
11545
11547
11548
11549
11550
11552
11553
11554
11556
11557
11558
11559
11560
11561
11563
11565
11566
11568
11569
11570
11572
11575
11576
11577
11579
11580
11581
11590
11596
11598
11701
11702
11703
11704
11705
11706
11709
11710
11713
11714
11715
11716
11717
11718
11719
11720
11721
11722
11724
11725
11726
11727
11729
11730
11731
11732
11733
11735
11738
11739
11740
11741
11742
11743
11746
11747
11749
11751
11752
11753
11754
11755
11756
11757
11758
11762
11763
11764
11765
11766
11767
11768
11769
11770
11771
11772
11776
11777
11778
11779
11780
11782
11783
11784
11786
11787
11788
11789
11790
11791
11792
11793
11794
11795
11796
11797
11798
11801
11803
11804
11901
11930
11931
11932
11933
11934
11935
11937
11939
11940
11941
11942
11944
11946
11947
11948
11949
11950
11951
11952
11953
11954
11955
11956
11957
11958
11959
11960
11961
11962
11963
11964
11965
11967
11968
11970
11971
11972
11973
11975
11976
11977
11978
11980
20120
20121
20124
20151
20170
20171
20190
20191
20194
20701
20711
20723
20724
20733
20751
20755
20758
20759
20763
20764
20765
20776
20777
20778
20779
20794
20812
20814
20815
20816
20817
20818
20832
20833
20837
20838
20839
20841
20842
20850
20851
20852
20853
20854
20855
20860
20861
20862
20866
20868
20871
20872
20874
20876
20877
20878
20879
20880
20882
20886
20895
20896
20899
20901
20902
20903
20904
20905
20906
20910
20912
21001
21005
21009
21010
21012
21013
21014
21015
21017
21028
21029
21030
21031
21032
21034
21035
21036
21037
21040
21042
21043
21044
21045
21046
21047
21050
21051
21052
21053
21054
21056
21057
21060
21061
21071
21075
21076
21077
21078
21082
21084
21085
21087
21090
21093
21105
21108
21111
21113
21114
21117
21120
21122
21128
21130
21131
21132
21133
21136
21140
21144
21146
21152
21153
21154
21155
21156
21160
21161
21162
21163
21201
21202
21204
21205
21206
21207
21208
21209
21210
21211
21212
21213
21214
21215
21216
21217
21218
21219
21220
21221
21222
21223
21224
21225
21226
21227
21228
21229
21230
21231
21234
21236
21237
21239
21240
21244
21250
21251
21252
21286
21401
21402
21403
21405
21409
21607
21613
21617
21619
21622
21623
21626
21627
21628
21631
21634
21638
21643
21644
21648
21657
21658
21659
21664
21666
21668
21669
21672
21675
21677
21723
21737
21738
21794
21797
21801
21802
21804
21810
21814
21826
21830
21835
21837
21840
21849
21850
21856
21861
21865
21869
21874
21875
22003
22015
22027
22030
22031
22032
22033
22035
22039
22041
22042
22043
22044
22046
22060
22066
22079
22101
22102
22124
22150
22151
22152
22153
22180
22181
22182
22185
22303
22306
22307
22308
22309
22310
22312
22315
30002
30004
30005
30008
30009
30021
30022
30030
30032
30033
30034
30035
30038
30058
30060
30062
30064
30066
30067
30068
30072
30075
30076
30079
30080
30082
30083
30084
30087
30088
30101
30106
30122
30126
30127
30132
30134
30135
30141
30144
30152
30157
30168
30187
30205
30213
30214
30215
30228
30236
30238
30248
30250
30252
30253
30260
30268
30269
30273
30274
30281
30288
30290
30291
30294
30296
30297
30303
30305
30306
30307
30308
30309
30310
30311
30312
30313
30314
30315
30316
30317
30318
30319
30322
30324
30326
30327
30328
30329
30331
30332
30334
30336
30337
30338
30339
30340
30341
30342
30344
30345
30346
30349
30350
30354
30360
30363
31750
32433
32435
32439
32455
32459
32461
32531
32536
32539
32541
32542
32544
32547
32548
32550
32564
32567
32569
32578
32579
32580
33010
33012
33013
33014
33015
33016
33018
33030
33031
33032
33033
33034
33035
33039
33054
33055
33056
33101
33109
33122
33125
33126
33127
33128
33129
33130
33131
33132
33133
33134
33135
33136
33137
33138
33139
33140
33141
33142
33143
33144
33145
33146
33147
33149
33150
33154
33155
33156
33157
33158
33160
33161
33162
33165
33166
33167
33168
33169
33170
33172
33173
33174
33175
33176
33177
33178
33179
33180
33181
33182
33183
33184
33185
33186
33187
33189
33190
33193
33194
33196
33401
33403
33404
33405
33406
33407
33408
33409
33410
33411
33412
33413
33414
33415
33417
33418
33426
33428
33430
33431
33432
33433
33434
33435
33436
33437
33438
33444
33445
33446
33449
33458
33460
33461
33462
33463
33467
33469
33470
33472
33473
33476
33477
33478
33480
33483
33484
33486
33487
33493
33496
33498
39815
39817
39819
39825
39834
49220
49221
49228
49229
49235
49236
49238
49247
49248
49253
49256
49265
49268
49276
49279
49286
49287
49289
50001
50003
50005
50007
50009
50010
50011
50012
50014
50021
50023
50028
50032
50033
50035
50036
50038
50039
50044
50046
50047
50051
50054
50055
50056
50057
50061
50062
50063
50066
50069
50072
50073
50078
50105
50106
50109
50111
50116
50118
50119
50120
50124
50125
50127
50131
50134
50135
50138
50139
50141
50142
50146
50148
50153
50154
50155
50156
50158
50160
50161
50162
50163
50166
50167
50168
50169
50170
50201
50208
50210
50211
50212
50214
50218
50219
50220
50222
50223
50225
50226
50228
50229
50232
50233
50234
50236
50237
50239
50240
50243
50244
50247
50248
50251
50252
50256
50257
50261
50263
50265
50266
50273
50276
50278
50309
50310
50311
50312
50313
50314
50315
50316
50317
50319
50320
50321
50322
50323
50324
50325
50327
60002
60004
60005
60007
60008
60010
60012
60013
60014
60015
60016
60018
60020
60021
60022
60025
60026
60029
60030
60031
60033
60034
60035
60040
60041
60042
60043
60044
60045
60046
60047
60048
60050
60051
60053
60056
60060
60061
60062
60064
60067
60068
60069
60070
60071
60072
60073
60074
60076
60077
60081
60083
60084
60085
60087
60088
60089
60090
60091
60093
60096
60097
60098
60099
60101
60102
60103
60104
60106
60107
60108
60109
60110
60118
60119
60120
60123
60124
60126
60130
60131
60133
60134
60136
60137
60139
60140
60141
60142
60143
60144
60148
60151
60152
60153
60154
60155
60156
60157
60160
60162
60163
60164
60165
60169
60171
60172
60173
60174
60175
60176
60177
60180
60181
60184
60185
60187
60188
60189
60190
60191
60192
60193
60194
60195
60201
60202
60203
60301
60302
60304
60305
60401
60402
60403
60404
60406
60408
60409
60410
60411
60415
60417
60419
60421
60422
60423
60425
60426
60428
60429
60430
60431
60432
60433
60435
60436
60438
60439
60440
60441
60442
60443
60445
60446
60448
60449
60451
60452
60453
60455
60456
60457
60458
60459
60461
60462
60463
60464
60465
60466
60467
60468
60469
60471
60472
60473
60475
60476
60477
60478
60480
60481
60482
60484
60487
60490
60491
60501
60502
60503
60504
60505
60506
60510
60511
60513
60514
60515
60516
60517
60519
60521
60523
60525
60526
60527
60532
60534
60539
60540
60542
60544
60546
60554
60555
60558
60559
60561
60563
60564
60565
60585
60586
60601
60602
60603
60604
60605
60606
60607
60608
60609
60610
60611
60612
60613
60614
60615
60616
60617
60618
60619
60620
60621
60622
60623
60624
60625
60626
60628
60629
60630
60631
60632
60633
60634
60636
60637
60638
60639
60640
60641
60642
60643
60644
60645
60646
60647
60649
60651
60652
60653
60654
60655
60656
60657
60659
60660
60661
60706
60707
60712
60714
60803
60804
60805
60827
64018
64024
64048
64060
64068
64072
64079
64089
64092
64098
64116
64117
64118
64119
64150
64151
64152
64153
64154
64155
64156
64157
64158
64161
64163
64164
64165
64166
64167
64401
64439
64440
64443
64444
64448
64454
64465
64477
64484
64492
64493
64501
64503
64504
64505
64506
64507
66018
66021
66030
66031
66061
66062
66083
66085
66202
66203
66204
66205
66206
66207
66208
66209
66210
66211
66212
66213
66214
66215
66216
66217
66218
66219
66220
66221
66223
66224
66226
66227
73003
73007
73008
73012
73013
73019
73020
73025
73026
73034
73045
73049
73051
73054
73066
73068
73069
73071
73072
73084
73097
73102
73103
73104
73105
73106
73107
73108
73109
73110
73111
73112
73114
73115
73116
73117
73118
73119
73120
73121
73122
73127
73129
73130
73131
73132
73134
73135
73139
73141
73142
73145
73149
73150
73151
73159
73160
73162
73165
73169
73170
73173
73179
74026
74079
74824
74832
74834
74855
74857
74864
74869
74875
74881
75001
75002
75006
75009
75013
75019
75023
75024
75025
75032
75035
75038
75039
75040
75041
75042
75043
75044
75048
75050
75051
75052
75060
75061
75062
75063
75069
75070
75071
75074
75075
75078
75080
75081
75082
75087
75088
75089
75093
75094
75098
75104
75115
75116
75132
75134
75137
75141
75146
75149
75150
75159
75164
75166
75172
75173
75180
75181
75182
75189
75201
75202
75203
75204
75205
75206
75207
75208
75209
75210
75211
75212
75214
75215
75216
75217
75218
75219
75220
75223
75224
75225
75226
75227
75228
75229
75230
75231
75232
75233
75234
75235
75236
75237
75238
75240
75241
75243
75244
75246
75247
75248
75249
75251
75252
75253
75254
75270
75390
75407
75409
75424
75442
75454
78002
78015
78023
78070
78073
78101
78109
78112
78130
78132
78133
78148
78150
78152
78163
78201
78202
78203
78204
78205
78207
78208
78209
78210
78211
78212
78213
78214
78215
78216
78217
78218
78219
78220
78221
78222
78223
78224
78225
78226
78227
78228
78229
78230
78231
78232
78233
78234
78235
78236
78237
78238
78239
78240
78242
78243
78244
78245
78247
78248
78249
78250
78251
78252
78253
78254
78255
78256
78257
78258
78259
78260
78261
78263
78264
78266
78330
78335
78339
78343
78351
78373
78380
78401
78402
78404
78405
78406
78407
78408
78409
78410
78411
78412
78413
78414
78415
78416
78417
78418
78419
78610
78617
78619
78620
78623
78640
78645
78652
78653
78660
78669
78676
78701
78702
78703
78704
78705
78712
78719
78721
78722
78723
78724
78725
78726
78727
78728
78730
78731
78732
78733
78734
78735
78736
78737
78738
78739
78741
78742
78744
78745
78746
78747
78748
78749
78750
78751
78752
78753
78754
78756
78757
78758
78759
80511
80512
80513
80514
80515
80516
80517
80520
80521
80524
80525
80526
80528
80530
80532
80534
80535
80536
80537
80538
80542
80543
80545
80546
80547
80549
80550
80603
80610
80611
80612
80615
80620
80621
80622
80623
80624
80631
80634
80642
80643
80644
80645
80648
80650
80651
80652
80729
80742
80754
83801
83803
83810
83814
83815
83833
83835
83842
83854
83858
83869
83876
90001
90002
90003
90004
90005
90006
90007
90008
90010
90011
90012
90013
90014
90015
90016
90017
90018
90019
90020
90021
90022
90023
90024
90025
90026
90027
90028
90029
90031
90032
90033
90034
90035
90036
90037
90038
90039
90040
90041
90042
90043
90044
90045
90046
90047
90048
90049
90056
90057
90058
90059
90061
90062
90063
90064
90065
90066
90067
90068
90069
90071
90073
90077
90079
90089
90090
90094
90095
90201
90210
90211
90212
90220
90221
90222
90230
90232
90240
90241
90242
90245
90247
90248
90249
90250
90254
90255
90260
90262
90263
90265
90266
90270
90272
90274
90275
90277
90278
90280
90290
90291
90292
90293
90301
90302
90303
90304
90305
90401
90402
90403
90404
90405
90501
90502
90503
90504
90505
90506
90601
90602
90603
90604
90605
90606
90620
90621
90623
90630
90631
90638
90640
90650
90660
90670
90680
90701
90703
90704
90706
90710
90712
90713
90715
90716
90717
90720
90723
90731
90732
90740
90742
90743
90744
90745
90746
90747
90755
90802
90803
90804
90805
90806
90807
90808
90810
90813
90814
90815
90822
90831
91001
91006
91007
91008
91010
91011
91016
91020
91024
91030
91040
91042
91046
91101
91103
91104
91105
91106
91107
91108
91201
91202
91203
91204
91205
91206
91207
91208
91210
91214
91301
91302
91303
91304
91306
91307
91311
91316
91321
91324
91325
91326
91330
91331
91335
91340
91342
91343
91344
91345
91350
91351
91352
91354
91355
91356
91364
91367
91371
91381
91384
91387
91390
91401
91402
91403
91405
91406
91411
91423
91436
91501
91502
91504
91505
91506
91601
91602
91604
91605
91606
91607
91608
91701
91702
91706
91708
91709
91710
91711
91722
91723
91724
91730
91731
91732
91733
91737
91739
91740
91741
91744
91745
91746
91748
91750
91752
91754
91755
91759
91761
91762
91763
91764
91765
91766
91767
91768
91770
91773
91775
91776
91780
91784
91786
91789
91790
91791
91792
91801
91803
92201
92203
92210
92211
92220
92223
92225
92230
92234
92236
92239
92240
92241
92242
92252
92253
92254
92256
92258
92260
92262
92264
92267
92268
92270
92274
92276
92277
92278
92280
92282
92284
92285
92301
92304
92305
92307
92308
92309
92310
92311
92313
92314
92315
92316
92320
92321
92322
92324
92325
92327
92332
92333
92335
92336
92337
92338
92339
92341
92342
92344
92345
92346
92347
92352
92354
92356
92358
92359
92363
92364
92365
92368
92371
92372
92373
92374
92376
92377
92378
92382
92385
92386
92391
92392
92394
92395
92397
92398
92399
92401
92404
92405
92407
92408
92410
92411
92501
92503
92504
92505
92506
92507
92508
92509
92518
92530
92532
92536
92539
92543
92544
92545
92548
92549
92551
92553
92555
92557
92561
92562
92563
92567
92570
92571
92582
92583
92584
92585
92586
92587
92590
92591
92592
92595
92596
92602
92603
92604
92606
92610
92612
92614
92617
92618
92620
92624
92625
92626
92627
92629
92630
92637
92646
92647
92648
92649
92651
92653
92655
92656
92657
92660
92661
92662
92663
92672
92673
92675
92676
92677
92678
92679
92683
92688
92691
92692
92694
92701
92703
92704
92705
92706
92707
92708
92780
92782
92801
92802
92804
92805
92806
92807
92808
92821
92823
92831
92832
92833
92835
92840
92841
92843
92844
92845
92860
92861
92865
92866
92867
92868
92869
92870
92879
92880
92881
92882
92883
92886
92887
93510
93532
93534
93535
93536
93543
93544
93550
93551
93552
93553
93558
93562
93563
93591
94022
94024
94301
94304
94306
94901
94903
94904
94920
94922
94923
94924
94925
94928
94929
94930
94931
94933
94937
94938
94939
94940
94941
94945
94946
94947
94949
94950
94951
94952
94954
94956
94957
94960
94963
94964
94965
94970
94971
94972
94973
95008
95030
95032
95070
95120
95125
95135
95138
95401
95403
95404
95405
95407
95409
95412
95421
95425
95430
95431
95436
95439
95441
95442
95444
95446
95448
95450
95452
95462
95465
95471
95472
95476
95486
95492
95497
98220
98221
98225
98226
98229
98230
98232
98233
98235
98237
98238
98240
98244
98247
98248
98255
98257
98262
98263
98264
98266
98267
98273
98274
98276
98281
98283
98284
98295
99001
99003
99004
99005
99006
99009
99011
99012
99016
99018
99019
99020
99021
99022
99023
99025
99027
99030
99031
99036
99037
99039
99201
99202
99203
99204
99205
99206
99207
99208
99212
99216
99217
99218
99223
99224
99510
99519
99721
99723
99734
99747
99759
99766
99782
99789
99791
20588
21018
21020
21022
21023
21027
21041
21062
21065
21092
21094
21106
21123
21139
21150
21282
21284
21285
21404
21411
21412
21656
21690
21765
21803
21852
60011
60037
60075
60079
60086
60121
60147
60170
60183
60507
60568
73070
73083
73101
73113
73123
73124
73125
73126
73136
73137
73140
73143
73144
73146
73147
73148
73152
73153
73154
73155
73156
73157
73163
73164
73167
73172
73178
73184
73185
73189
73190
73194
73195
73196
94023
94302
94309
95009
95011
95015
95031
95071